24
0 1 0.5 1
0 7 1 1
0 8 2 1
1 0 0.5 0
1 2 2 0
2 1 2 0
2 3 4 0
2 5 3 0
2 6 1 0
3 2 4 1
3 4 4 1
3 5 4 1
4 3 3 0
4 12 2 0
4 14 1 0
5 2 3 0
5 3 4 0
5 7 3 0
5 11 1 0
5 12 0.5 0
6 2 1 0
6 7 1 0
7 0 1 0
7 5 3 0
7 6 1 0
7 8 1 0
7 10 0.5 0
7 11 2 0
8 0 2 0
8 7 1 0
8 9 2 0
9 8 2 0
9 10 0.5 0
9 23 2 0
10 7 0.5 0
10 9 0.5 0
10 22 0.5 0
11 5 1 1
11 7 2 1
12 4 2 1
12 5 0.5 1
12 13 0.5 1
12 16 0.5 1
12 17 0.5 1
13 12 0.5 0
13 14 2 0
13 16 0.5 0
14 4 1 0
14 13 2 0
14 15 0.5 0
15 14 0.5 0
15 16 2 0
15 18 1 0
16 12 0.5 0
16 13 0.5 0
16 15 2 0
16 17 2 0
16 18 2 0
16 20 2 0
17 12 0.5 0
17 16 2 0
17 21 0.5 0
18 15 1 0
18 16 2 0
18 19 1 0
18 20 1 0
19 18 1 0
20 16 2 0
20 18 1 0
20 21 1 0
21 17 0.5 0
21 20 1 0
21 22 1 0
22 10 0.5 0
22 21 1 0
22 23 1 0
23 9 2 0
23 22 1 0